Imperfect
----- Refutation -----
X = 
[[13.655532402726127, -2.5284085360476216, -2.5438558560951443, -2.570185750435334, -2.556567811536456, -2.5284085360276554, -2.543855855988731, -2.570185750350955, -2.556567811490208, -2.5284085360145547, -2.543855856044024, -2.570185750356, -2.556567811479214, -2.5284085360964155, -2.543855856074056, -2.570185750377723, -2.5565678115471973, -2.583976331703082, -2.606552669363304, -2.520511169105386, -2.487977783620237], [-2.5284085360476216, 28.5668751602096, -2.401078333658151, -2.494416065997233, -2.3452389408163117, 17.35355835020969, -6.645128961102869, -6.608078503340392, -6.628759421286563, 17.353558350148905, -6.645128961187779, -6.608078503346456, -6.6287594212632595, 17.353558350198888, -6.6451289611821105, -6.608078503343446, -6.628759421225646, 17.36221651295946, -6.628759418211348, -6.665114463679942, -6.5967511671454835], [-2.5438558560951443, -2.401078333658151, 28.76915426008757, -2.476120739283331, -2.5812606873065302, -6.645128961281827, 17.404681967783993, -6.641363972131681, -6.662044890077852, -6.6451289613315145, 17.40468196780242, -6.641363972146209, -6.6620448900630125, -6.645128961315984, 17.40468196781412, -6.641363972182589, -6.662044890064789, -6.626977163906483, 17.316658585507376, -6.65095028714122, -6.582586990606761], [-2.570185750435334, -2.494416065997233, -2.476120739283331, 28.728407088093444, -2.4735056777539244, -6.608078503324602, -6.641363971936933, 17.304251157107963, -6.624994432120627, -6.6080785033431875, -6.641363971999205, 17.304251157056534, -6.624994432074686, -6.608078503259105, -6.641363971964373, 17.304251157151004, -6.624994432007909, -6.691425057571664, -6.679043135337807, 17.44731732764094, -6.647034884271941], [-2.556567811536456, -2.3452389408163117, -2.5812606873065302, -2.4735056777539244, 28.697987850829445, -6.628759421576437, -6.662044890188768, -6.624994432426292, 17.359230932195945, -6.628759421604118, -6.662044890260136, -6.624994432418814, 17.359230932315942, -6.628759421574428, -6.662044890279697, -6.624994432441032, 17.359230932287844, -6.6277906230104495, -6.615408700776593, -6.651763746245186, 17.338395258834915], [-2.5284085360276554, 17.35355835020969, -6.645128961281827, -6.608078503324602, -6.628759421576437, 28.566875160840887, -2.4010783334892745, -2.49441606565611, -2.345238940944506, 17.35355835029154, -6.645128961174742, -6.608078503193337, -6.628759421496135, 17.353558350337472, -6.645128961192822, -6.608078503154517, -6.628759421491462, 17.362216513084533, -6.628759418203196, -6.665114463534392, -6.596751167459623], [-2.543855855988731, -6.645128961102869, 17.404681967783993, -6.641363971936933, -6.662044890188768, -2.4010783334892745, 28.769154260213398, -2.476120739131639, -2.581260687629037, -6.6451289611199655, 17.40468196774788, -6.6413639719205495, -6.662044890223348, -6.645128961132155, 17.404681967757664, -6.641363972016708, -6.662044890353653, -6.626977163752756, 17.316658585434908, -6.650950287057835, -6.582586990983066], [-2.570185750350955, -6.608078503340392, -6.641363972131681, 17.304251157107963, -6.624994432426292, -2.49441606565611, -2.476120739131639, 28.728407088378855, -2.473505677904161, -6.608078503218311, -6.641363972000302, 17.304251157169222, -6.624994432321694, -6.608078502871016, -6.641363971793874, 17.304251157258076, -6.624994432092514, -6.691425057398532, -6.679043135372415, 17.447317327749683, -6.647034884628841], [-2.556567811490208, -6.628759421286563, -6.662044890077852, -6.624994432120627, 17.359230932195945, -2.345238940944506, -2.581260687629037, -2.473505677904161, 28.697987850284267, -6.628759421401562, -6.6620448901835525, -6.624994432202147, 17.359230932014356, -6.628759421210154, -6.662044890133012, -6.624994432094707, 17.35923093197725, -6.627790622743424, -6.615408700717307, -6.651763746048502, 17.338395258478545], [-2.5284085360145547, 17.353558350148905, -6.6451289613315145, -6.6080785033431875, -6.628759421604118, 17.35355835029154, -6.6451289611199655, -6.608078503218311, -6.628759421401562, 28.566875160892582, -2.401078333510499, -2.4944160657749856, -2.3452389409229415, 17.353558350289923, -6.64512896115194, -6.608078503230168, -6.628759421406558, 17.362216513055547, -6.628759418140394, -6.665114463561822, -6.596751167313777], [-2.543855856044024, -6.645128961187779, 17.40468196780242, -6.641363971999205, -6.662044890260136, -6.645128961174742, 17.40468196774788, -6.641363972000302, -6.6620448901835525, -2.401078333510499, 28.769154260358548, -2.4761207391572433, -2.5812606875123008, -6.6451289611682745, 17.40468196778529, -6.641363971996263, -6.662044890172654, -6.626977163762591, 17.31665858548505, -6.6509502870612325, -6.582586990813187], [-2.570185750356, -6.608078503346456, -6.641363972146209, 17.304251157056534, -6.624994432418814, -6.608078503193337, -6.6413639719205495, 17.304251157169222, -6.624994432202147, -2.4944160657749856, -2.4761207391572433, 28.72840708831117, -2.473505677884387, -6.608078502957813, -6.641363971707573, 17.30425115719597, -6.624994431962192, -6.6914250574601155, -6.679043135337328, 17.44731732771916, -6.6470348845107114], [-2.556567811479214, -6.6287594212632595, -6.6620448900630125, -6.624994432074686, 17.359230932315942, -6.628759421496135, -6.662044890223348, -6.624994432321694, 17.359230932014356, -2.3452389409229415, -2.5812606875123008, -2.473505677884387, 28.697987850623413, -6.628759421421759, -6.6620448901715195, -6.624994432249748, 17.35923093208471, -6.627790622809477, -6.615408700686689, -6.651763746108117, 17.33839525861901], [-2.5284085360964155, 17.353558350198888, -6.645128961315984, -6.608078503259105, -6.628759421574428, 17.353558350337472, -6.645128961132155, -6.608078502871016, -6.628759421210154, 17.353558350289923, -6.6451289611682745, -6.608078502957813, -6.628759421421759, 28.566875160802812, -2.4010783335354073, -2.4944160656586702, -2.3452389409480703, 17.362216513058495, -6.628759418244883, -6.6651144635527615, -6.596751167441658], [-2.543855856074056, -6.6451289611821105, 17.40468196781412, -6.641363971964373, -6.662044890279697, -6.645128961192822, 17.404681967757664, -6.641363971793874, -6.662044890133012, -6.64512896115194, 17.40468196778529, -6.641363971707573, -6.6620448901715195, -2.4010783335354073, 28.76915426049239, -2.4761207391171305, -2.581260687608072, -6.626977163809464, 17.316658585470403, -6.650950287042027, -6.582586990930924], [-2.570185750377723, -6.608078503343446, -6.641363972182589, 17.304251157151004, -6.624994432441032, -6.608078503154517, -6.641363972016708, 17.304251157258076, -6.624994432094707, -6.608078503230168, -6.641363971996263, 17.30425115719597, -6.624994432249748, -2.4944160656586702, -2.4761207391171305, 28.728407088767046, -2.4735056778392064, -6.691425057441865, -6.679043135366551, 17.447317327780844, -6.647034884563325], [-2.5565678115471973, -6.628759421225646, -6.662044890064789, -6.624994432007909, 17.359230932287844, -6.628759421491462, -6.662044890353653, -6.624994432092514, 17.35923093197725, -6.628759421406558, -6.662044890172654, -6.624994431962192, 17.35923093208471, -2.3452389409480703, -2.581260687608072, -2.4735056778392064, 28.697987850665694, -6.627790622826177, -6.615408700750862, -6.651763746058741, 17.338395258561377], [-2.583976331703082, 17.36221651295946, -6.626977163906483, -6.691425057571664, -6.6277906230104495, 17.362216513084533, -6.626977163752756, -6.691425057398532, -6.627790622743424, 17.362216513055547, -6.626977163762591, -6.6914250574601155, -6.627790622809477, 17.362216513058495, -6.626977163809464, -6.691425057441865, -6.627790622826177, 28.943440537950515, -2.5122269057195727, -2.7740908544197187, -2.386548753419944], [-2.606552669363304, -6.628759418211348, 17.316658585507376, -6.679043135337807, -6.615408700776593, -6.628759418203196, 17.316658585434908, -6.679043135372415, -6.615408700717307, -6.628759418140394, 17.31665858548505, -6.679043135337328, -6.615408700686689, -6.628759418244883, 17.316658585470403, -6.679043135366551, -6.615408700750862, -2.5122269057195727, 28.889537836354805, -2.693138834721228, -2.4361744094433795], [-2.520511169105386, -6.665114463679942, -6.65095028714122, 17.44731732764094, -6.651763746245186, -6.665114463534392, -6.650950287057835, 17.447317327749683, -6.651763746048502, -6.665114463561822, -6.6509502870612325, 17.44731732771916, -6.651763746108117, -6.6651144635527615, -6.650950287042027, 17.447317327780844, -6.651763746058741, -2.7740908544197187, -2.693138834721228, 29.00829519889716, -2.20702632232644], [-2.487977783620237, -6.5967511671454835, -6.582586990606761, -6.647034884271941, 17.338395258834915, -6.596751167459623, -6.582586990983066, -6.647034884628841, 17.338395258478545, -6.596751167313777, -6.582586990813187, -6.6470348845107114, 17.33839525861901, -6.596751167441658, -6.582586990930924, -6.647034884563325, 17.338395258561377, -2.386548753419944, -2.4361744094433795, -2.20702632232644, 28.396322057990112]]
List of qleft: 
[[[0.0]], [[0.0]], [[0.0]], [[0.0]], [[0.0]], [[0.0]], [[0.0]], [[0.0]], [[0.0]], [[0.0]], [[0.0]], [[0.0]], [[0.0]], [[0.0]], [[0.0]], [[0.0]], [[0.0]], [[0.0]], [[0.0]], [[0.0]], [[-0.0]], [[-0.0]], [[-0.0]], [[-0.0]], [[-0.0]], [[-0.0]], [[-0.0]], [[-0.0]], [[-0.0]], [[-0.0]], [[-0.0]], [[-0.0]], [[-0.0]], [[-0.0]], [[-0.0]], [[-0.0]], [[-0.0]], [[-0.0]], [[-0.0]], [[-0.0]], [[-0.0]], [[-0.0]], [[-0.0]], [[-0.0]], [[-0.0]], [[-0.0]], [[-0.0]], [[-0.0]], [[-0.0]], [[-0.0]], [[-0.0]], [[-0.0]], [[-0.0]], [[-0.0]], [[-0.0]], [[-0.0]], [[-0.0]], [[-0.0]], [[-0.0]], [[-0.0]], [[-0.0]], [[-0.0]], [[-0.0]], [[-0.0]], [[-0.0]], [[-0.0]], [[-0.0]], [[-0.0]], [[-0.0]], [[-0.0]], [[-0.0]], [[-0.0]], [[-0.0]], [[-0.0]], [[-0.0]], [[-0.0]], [[-0.0]], [[-0.0]], [[-0.0]], [[-0.0]], [[-0.0]], [[-0.0]], [[-0.0]], [[-0.0]], [[-0.0]], [[-0.0]], [[-0.0]], [[-0.0]], [[-0.0]], [[-0.0]], [[-0.0]], [[-0.0]], [[-0.0]], [[-0.0]], [[-0.0]], [[-0.0]], [[-0.0]], [[-0.0]], [[-0.0]], [[-0.0]], [[-0.0]], [[-0.0]], [[-0.0]], [[-0.0]], [[-0.0]], [[-0.0]], [[-0.0]], [[-0.0]], [[-0.0]], [[-0.0]], [[-0.0]], [[-0.0]], [[-0.0]], [[-0.0]], [[-0.0]], [[-0.0]], [[-0.0]], [[-0.0]], [[-0.0]], [[-0.0]], [[-0.0]], [[-0.0]], [[-0.0]], [[-0.0]], [[-0.0]], [[-0.0]], [[-0.0]], [[-0.0]], [[-0.0]], [[-0.0]], [[-0.0]], [[-0.0]], [[-0.0]], [[-0.0]], [[-0.0]], [[-0.0]], [[-0.0]], [[-0.0]], [[-0.0]], [[-0.0]], [[-0.0]], [[-0.0]], [[-0.0]], [[-0.0]], [[-0.0]], [[-0.0]], [[-0.0]], [[-0.0]], [[-0.0]], [[-0.0]], [[-0.0]], [[-0.0]], [[-0.0]], [[-0.0]], [[-0.0]], [[-0.0]], [[-0.0]], [[-0.0]], [[-0.0]], [[-0.0]], [[14.655532402726127], [-28.5668751602096], [-28.76915426008757], [-28.728407088093444], [-28.697987850829445], [6.628759421576437], [6.662044890188768], [6.624994432426292], [6.645675350372462], [6.628759421604118], [6.662044890260136], [6.624994432418814], [6.645675350335618], [6.628759421574428], [6.662044890279697], [6.624994432441032], [6.6456753503232315], [-5.092167506730169], [-5.104549428964028], [-5.068194383495434], [-5.136557680029893]], [[0.0], [6.628759421286563], [6.662044890077852], [6.624994432120627], [6.645675350372462], [-28.566875160840887], [-28.769154260213398], [-28.728407088378855], [-28.697987850284267], [6.628759421401562], [6.6620448901835525], [6.624994432202147], [6.645675350504946], [6.628759421210154], [6.662044890133012], [6.624994432094707], [6.645675350431653], [9.563364896722366], [9.550982974696248], [9.587338020027445], [9.518974723952676]], [[0.0], [6.6287594212632595], [6.6620448900630125], [6.624994432074686], [6.645675350335618], [6.628759421496135], [6.662044890223348], [6.624994432321694], [6.645675350504945], [-28.566875160892582], [-28.769154260358548], [-28.72840708831117], [-28.697987850623413], [6.628759421421759], [6.6620448901715195], [6.624994432249748], [6.6456753504261386], [9.563364896271262], [9.550982974148473], [9.587338019569902], [9.518974723321858]], [[0.0], [6.628759421225646], [6.662044890064789], [6.624994432007909], [6.645675350323232], [6.628759421491462], [6.662044890353653], [6.624994432092514], [6.6456753504316515], [6.628759421406558], [6.662044890172654], [6.624994431962192], [6.6456753504261386], [-28.566875160802812], [-28.76915426049239], [-28.728407088767046], [-28.697987850665694], [9.563364896383542], [9.550982974308226], [9.587338019616105], [9.518974723505002]], [[0.0], [6.5967511671454835], [6.582586990606761], [6.647034884271941], [6.5834004497107275], [6.596751167459623], [6.582586990983066], [6.647034884628841], [6.583400449973732], [6.596751167313777], [6.582586990813187], [6.6470348845107114], [6.583400449860073], [6.596751167441658], [6.582586990930924], [6.647034884563325], [6.5834004499476375], [-28.943440537950515], [-28.889537836354805], [-29.00829519889716], [-28.396322057990112]]]
List of qright: 
[[[0.0]], [[0.0]], [[0.0]], [[0.0]], [[0.0]], [[0.0]], [[0.0]], [[0.0]], [[0.0]], [[0.0]], [[0.0]], [[0.0]], [[0.0]], [[0.0]], [[0.0]], [[0.0]], [[0.0]], [[0.0]], [[0.0]], [[0.0]], [[30.967953493867753]], [[30.96795349433016]], [[30.96795349440308]], [[30.967953494338218]], [[31.455667443670087]], [[31.061291226206833]], [[31.061291226496998]], [[31.061291226667567]], [[31.06129122646148]], [[31.717531392370233]], [[30.912114101025914]], [[30.91211410178539]], [[30.912114101815526]], [[30.912114101750884]], [[31.32998929137046]], [[31.170232593745723]], [[31.17023259370267]], [[31.170232593869045]], [[31.170232594027794]], [[31.401764742074377]], [[31.245274999370903]], [[31.245274999345035]], [[31.24527499951579]], [[31.24527499960952]], [[31.582676671076033]], [[31.3504149473941]], [[31.350414947842435]], [[31.35041494787085]], [[31.35041494810046]], [[31.325712245798183]], [[31.222823154090676]], [[31.222823154034966]], [[31.222823154086154]], [[31.222823154425715]], [[31.782386053316877]], [[31.204527827376776]], [[31.204527827510493]], [[31.20452782746841]], [[31.204527827884178]], [[31.701434033618387]], [[31.201912765847368]], [[31.201912766283016]], [[31.201912766195555]], [[31.201912766606252]], [[31.2153215212236]], [[31.043226791645758]], [[31.043226791228772]], [[31.043226791546353]], [[31.043226791613765]], [[30.782870811410056]], [[31.279248538135974]], [[31.279248537913304]], [[31.279248538135715]], [[31.279248538273766]], [[30.83249646743349]], [[31.17149352858337]], [[31.171493528188428]], [[31.1714935285078]], [[31.1714935285049]], [[30.603348380316554]], [[-23.965401842700224]], [[-24.08309639767815]], [[-23.90856467128242]], [[-24.004906282568406]], [[-23.965401842680667]], [[-24.08309639778995]], [[-23.908564671214418]], [[-24.00490628265156]], [[-23.96540184267573]], [[-24.083096397835373]], [[-23.908564671276714]], [[-24.004906282611074]], [[-24.003357853404665]], [[-23.93125382718]], [[-24.162715508447338]], [[-23.92179570854564]], [[-23.965401842700228]], [[-24.08309639767815]], [[-23.90856467128242]], [[-24.004906282568406]], [[-23.965401842684294]], [[-24.083096397649836]], [[-23.908564671188117]], [[-24.0049062825193]], [[-23.965401842607434]], [[-24.083096397812678]], [[-23.908564671013643]], [[-24.004906282408903]], [[-24.003357853313847]], [[-23.931253827161548]], [[-24.162715508453292]], [[-23.92179570845228]], [[-23.965401842680667]], [[-24.08309639778995]], [[-23.908564671214418]], [[-24.00490628265156]], [[-23.96540184268429]], [[-24.083096397649836]], [[-23.908564671188117]], [[-24.0049062825193]], [[-23.965401842692103]], [[-24.083096397703326]], [[-23.90856467098177]], [[-24.00490628251085]], [[-24.00335785331873]], [[-23.931253827124856]], [[-24.162715508477916]], [[-23.92179570847908]], [[-23.965401842675732]], [[-24.083096397835373]], [[-23.908564671276714]], [[-24.004906282611074]], [[-23.965401842607438]], [[-24.083096397812675]], [[-23.908564671013643]], [[-24.004906282408903]], [[-23.965401842692103]], [[-24.083096397703326]], [[-23.90856467098177]], [[-24.00490628251085]], [[-24.003357853378695]], [[-23.93125382720455]], [[-24.16271550845527]], [[-23.921795708509016]], [[-24.003357853404665]], [[-23.93125382718]], [[-24.162715508447338]], [[-23.921795708545645]], [[-24.003357853313844]], [[-23.931253827161548]], [[-24.162715508453296]], [[-23.92179570845228]], [[-24.00335785331873]], [[-23.931253827124856]], [[-24.162715508477916]], [[-23.92179570847908]], [[-24.003357853378695]], [[-23.93125382720455]], [[-24.16271550845527]], [[-23.921795708509016]], [[0.0], [0.0], [0.0], [0.0], [0.0], [-0.016915928796024993], [0.0163695398163064], [-0.02068091794617022], [0.0], [-0.016915928731497942], [0.016369539924519394], [-0.020680917916803487], [0.0], [-0.016915928748804987], [0.016369539956464507], [-0.020680917882200056], [0.0], [0.04439017329972206], [0.03200825106586436], [0.06836329653445894], [0.0]], [[0.0], [-0.016915929085898895], [0.01636953970538979], [-0.020680918251835045], [0.0], [0.0], [0.0], [0.0], [0.0], [-0.016915929103382688], [0.01636953967860677], [-0.020680918302798723], [0.0], [-0.016915929221497983], [0.016369539701360125], [-0.020680918336944742], [0.0], [0.04439017276969004], [0.03200825074357283], [0.06836329607476888], [0.0]], [[0.0], [-0.01691592907235684], [0.016369539727396187], [-0.02068091826093088], [0.0], [-0.016915929008810338], [0.01636953971840338], [-0.020680918183250796], [0.0], [0.0], [0.0], [0.0], [0.0], [-0.016915929004379215], [0.0163695397453818], [-0.020680918176390506], [0.0], [0.04439017294940406], [0.032008250826616624], [0.06836329624804449], [0.0]], [[0.0], [-0.016915929097586435], [0.016369539741555528], [-0.020680918315322927], [0.0], [-0.016915928940189673], [0.01636953992200052], [-0.020680918339138543], [0.0], [-0.0169159290195795], [0.016369539746515116], [-0.020680918463946263], [0.0], [0.0], [0.0], [0.0], [0.0], [0.04439017287853986], [0.03200825080322467], [0.06836329611110337], [0.0]], [[0.0], [11.733308847175376], [11.719144670636652], [11.783592564301834], [11.719958129740622], [-2.9222235564930528], [-2.9363877329696098], [-2.871939839323835], [-2.935574273978943], [-2.92222355600808], [-2.93638773250867], [-2.8719398388111457], [-2.9355742734617842], [-2.9222235560633436], [-2.9363877325740777], [-2.8719398389416764], [-2.9355742735573642], [0.0], [0.0], [0.0], [0.0]]]
