Imperfect
----- Refutation -----
X = 
[[13.968604259511455, 1.2755246485572957e-14, -2.5678044916160467, -2.6570648210963417, -2.5241638082521294, -2.5241638183466955, 2.360112134836155e-16, -2.5678044867397656, -2.657064735769771, -2.524163783403606, -2.524163779094297, 7.56174050409379e-17, -2.5678044483449822, -2.657064729890486, -2.5241637727474413, -2.524163803539141, 2.98525508443775e-16, -2.56780445783839, -2.6570647025970913, -2.5241637929100165, -2.5241638069182097, 6.359363951059026e-17, -2.567804427422545, -2.657064718455105, -2.5241637993185106, -2.5241637902416394], [1.2755246485572957e-14, 24.31431511623114, -1.1045247213156567e-14, 1.8986360720827296e-14, -6.2268969236434535e-15, 3.3141036592999712e-15, -1.6097866226070027e-14, -3.748388825854567e-15, 1.505123653227457e-14, -7.907174391966809e-15, -8.576319940617945e-16, -1.692843627116254e-14, -2.0810109439014023e-14, 1.4713916430056588e-14, 1.3499444424746413e-15, 3.2523513099904858e-15, -1.6845424715672273e-14, -2.4562506040911328e-14, 2.266043585567099e-14, -4.69555663998464e-15, 8.167914803245981e-15, 8.300190585027217e-17, -1.4223938291720074e-14, 2.3764235734865878e-14, 3.401960971740277e-18, 2.333955833205518e-15], [-2.5678044916160467, -1.1045247213156567e-14, 29.50605420118294, -2.3632944103217213, -2.476056314750823, -2.4760563137259006, -2.2120179117376026e-15, 17.630247264615313, -6.841041545621027, -6.841041545620765, -6.841041545620765, 2.403645817063973e-15, 17.630247282860626, -6.841041521705494, -6.841041521705232, -6.841041521705232, -6.932679338273785e-15, 17.63024724995228, -6.841041549134481, -6.841041549134219, -6.841041549134219, 8.267540739929868e-16, 17.63024726653981, -6.841041517438666, -6.841041517438404, -6.841041517438404], [-2.6570648210963417, 1.8986360720827296e-14, -2.3632944103217213, 29.684574860143087, -2.6901381864880842, -2.6901381853943787, -2.6299337648926777e-15, -6.841041545621027, 17.984196819515844, -6.8410415456207785, -6.8410415456207785, 1.9727444837273202e-15, -6.841041521705494, 17.984196850917698, -6.841041521705245, -6.841041521705245, -1.1216195193729743e-15, -6.841041549134481, 17.984196801093056, -6.841041549134232, -6.841041549134232, 5.8040276200308e-15, -6.841041517438666, 17.98419683763944, -6.841041517438417, -6.841041517438417], [-2.5241638082521294, -6.2268969236434535e-15, -2.476056314750823, -2.6901381864880842, 29.41877283445344, -2.8322913202002775, 3.900715924582468e-15, -6.841041545620765, -6.8410415456207785, 18.04589725492581, -6.841041545620519, -7.1941717754643e-15, -6.841041521705232, -6.841041521705245, 18.045897284245445, -6.841041521704985, 1.866552998481439e-15, -6.841041549134219, -6.841041549134232, 18.045897257191413, -6.841041549133973, 4.035115461223347e-16, -6.841041517438404, -6.841041517438417, 18.04589728936846, -6.841041517438158], [-2.5241638183466955, 3.3141036592999712e-15, -2.4760563137259006, -2.6901381853943787, -2.8322913202002775, 29.41877285464257, -6.3931306519935506e-15, -6.841041545620765, -6.8410415456207785, -6.841041545620519, 18.045897257457835, -5.0945790723216526e-15, -6.841041521705232, -6.841041521705245, -6.841041521704985, 18.045897304018844, -1.2245435843696926e-15, -6.841041549134219, -6.841041549134232, -6.841041549133973, 18.045897268720832, -1.450931294711282e-15, -6.841041517438404, -6.841041517438417, -6.841041517438158, 18.04589728955855], [2.360112134836155e-16, -1.6097866226070027e-14, -2.2120179117376026e-15, -2.6299337648926777e-15, 3.900715924582468e-15, -6.3931306519935506e-15, 24.314315116231015, 5.6055325607955786e-15, -7.178255277298987e-16, 1.4655245536106084e-15, -2.6943337459203236e-15, -4.313807154391808e-15, 3.2462738934350343e-16, 4.849274264055684e-15, 1.4474907934316807e-15, 8.451348648851856e-16, 1.1686299357044677e-14, -7.253789288929361e-15, -5.659515447126162e-15, -7.260876478150358e-15, -3.920986967128325e-16, -8.754028716766304e-16, 8.831157701559543e-15, 3.2475280551996647e-15, -1.9693496503945243e-16, 4.3845105944529816e-15], [-2.5678044867397656, -3.748388825854567e-15, 17.630247264615313, -6.841041545621027, -6.841041545620765, -6.841041545620765, 5.6055325607955786e-15, 29.506054280431346, -2.363294425870305, -2.476056323094754, -2.4760563235792925, 9.707110485871765e-15, 17.630247290813006, -6.841041533174585, -6.841041533174323, -6.841041533174323, -7.121410324777843e-16, 17.630247283376637, -6.84104152648309, -6.841041526482827, -6.841041526482827, -7.3644454138037e-15, 17.63024726373667, -6.84104154331525, -6.841041543314988, -6.841041543314988], [-2.657064735769771, 1.505123653227457e-14, -6.841041545621027, 17.984196819515844, -6.8410415456207785, -6.8410415456207785, -7.178255277298987e-16, -2.363294425870305, 29.684574778490912, -2.690138208035994, -2.6901382088729076, -3.032136024493666e-15, -6.841041533174585, 17.98419682138483, -6.841041533174336, -6.841041533174336, 2.6451021299582944e-15, -6.84104152648309, 17.98419679598057, -6.84104152648284, -6.84104152648284, 1.6682051942799533e-17, -6.84104154331525, 17.98419679779509, -6.841041543315001, -6.841041543315001], [-2.524163783403606, -7.907174391966809e-15, -6.841041545620765, -6.8410415456207785, 18.04589725492581, -6.841041545620519, 1.4655245536106084e-15, -2.476056323094754, -2.690138208035994, 29.41877287375736, -2.832291335513481, -2.2978123299337713e-15, -6.841041533174323, -6.841041533174336, 18.045897284335584, -6.841041533174077, 6.486517799617314e-15, -6.841041526482827, -6.84104152648284, 18.045897281878958, -6.841041526482581, 9.640178478496169e-15, -6.841041543314988, -6.841041543315001, 18.0458972790724, -6.841041543314741], [-2.524163779094297, -8.576319940617945e-16, -6.841041545620765, -6.8410415456207785, -6.841041545620519, 18.045897257457835, -2.6943337459203236e-15, -2.4760563235792925, -2.6901382088729076, -2.832291335513481, 29.418772865138735, 1.5243160990433375e-16, -6.841041533174323, -6.841041533174336, -6.841041533174077, 18.045897297033907, 7.450646633660623e-15, -6.841041526482827, -6.84104152648284, -6.841041526482581, 18.04589728633328, 5.505499194961827e-15, -6.841041543314988, -6.841041543315001, -6.841041543314741, 18.04589727218741], [7.56174050409379e-17, -1.692843627116254e-14, 2.403645817063973e-15, 1.9727444837273202e-15, -7.1941717754643e-15, -5.0945790723216526e-15, -4.313807154391808e-15, 9.707110485871765e-15, -3.032136024493666e-15, -2.2978123299337713e-15, 1.5243160990433375e-16, 24.314315116230993, -5.111186537175046e-15, -3.2643924862337387e-15, 1.2100961321732412e-14, 1.2036943473528974e-14, -2.3703636235714012e-14, 3.6511023702915165e-15, -1.5429051411304011e-15, -2.368306367171024e-15, -3.56262452162237e-15, 2.034974843064083e-15, -5.710211851352484e-15, -2.384378277969457e-15, 2.6307396972808957e-15, -3.438638862493201e-15], [-2.5678044483449822, -2.0810109439014023e-14, 17.630247282860626, -6.841041521705494, -6.841041521705232, -6.841041521705232, 3.2462738934350343e-16, 17.630247290813006, -6.841041533174585, -6.841041533174323, -6.841041533174323, -5.111186537175046e-15, 29.506054257989707, -2.363294426541614, -2.47605632539136, -2.476056322197398, 6.061248273525136e-15, 17.630247262182472, -6.841041555398076, -6.841041555397813, -6.841041555397813, 1.2016800338022106e-14, 17.630247242397026, -6.841041572425019, -6.841041572424757, -6.841041572424757], [-2.657064729890486, 1.4713916430056588e-14, -6.841041521705494, 17.984196850917698, -6.841041521705245, -6.841041521705245, 4.849274264055684e-15, -6.841041533174585, 17.98419682138483, -6.841041533174336, -6.841041533174336, -3.2643924862337387e-15, -2.363294426541614, 29.684574821080272, -2.690138205245059, -2.6901382013772315, -9.338552489721936e-15, -6.841041555398076, 17.984196789571204, -6.841041555397826, -6.841041555397826, 2.41971440799982e-15, -6.841041572425019, 17.98419679124622, -6.8410415724247695, -6.8410415724247695], [-2.5241637727474413, 1.3499444424746413e-15, -6.841041521705232, -6.841041521705245, 18.045897284245445, -6.841041521704985, 1.4474907934316807e-15, -6.841041533174323, -6.841041533174336, 18.045897284335584, -6.841041533174077, 1.2100961321732412e-14, -2.47605632539136, -2.690138205245059, 29.41877290679296, -2.8322913287036027, -8.657161951184531e-16, -6.841041555397813, -6.841041555397826, 18.045897273113315, -6.841041555397567, -3.6866169218438335e-15, -6.841041572424757, -6.8410415724247695, 18.045897270166286, -6.84104157242451], [-2.524163803539141, 3.2523513099904858e-15, -6.841041521705232, -6.841041521705245, -6.841041521704985, 18.045897304018844, 8.451348648851856e-16, -6.841041533174323, -6.841041533174336, -6.841041533174077, 18.045897297033907, 1.2036943473528974e-14, -2.476056322197398, -2.6901382013772315, -2.8322913287036027, 29.418772968376363, -9.04078815412996e-16, -6.841041555397813, -6.841041555397826, -6.841041555397567, 18.045897294809016, -5.9840370736702675e-15, -6.841041572424757, -6.8410415724247695, -6.84104157242451, 18.045897280522695], [2.98525508443775e-16, -1.6845424715672273e-14, -6.932679338273785e-15, -1.1216195193729743e-15, 1.866552998481439e-15, -1.2245435843696926e-15, 1.1686299357044677e-14, -7.121410324777843e-16, 2.6451021299582944e-15, 6.486517799617314e-15, 7.450646633660623e-15, -2.3703636235714012e-14, 6.061248273525136e-15, -9.338552489721936e-15, -8.657161951184531e-16, -9.04078815412996e-16, 24.314315116231104, 1.972339839947156e-15, -7.765949159674633e-15, -3.0015659465851784e-16, 2.212242523492622e-15, 7.775992483660938e-15, 1.8117782209569545e-15, 1.69590595767111e-15, -2.8549641467970498e-15, -1.6472623976328485e-15], [-2.56780445783839, -2.4562506040911328e-14, 17.63024724995228, -6.841041549134481, -6.841041549134219, -6.841041549134219, -7.253789288929361e-15, 17.630247283376637, -6.84104152648309, -6.841041526482827, -6.841041526482827, 3.6511023702915165e-15, 17.630247262182472, -6.841041555398076, -6.841041555397813, -6.841041555397813, 1.972339839947156e-15, 29.50605421558786, -2.3632944327229146, -2.4760563251493126, -2.476056323714408, -3.873227472285776e-15, 17.630247267335278, -6.841041522366685, -6.841041522366422, -6.841041522366422], [-2.6570647025970913, 2.266043585567099e-14, -6.841041549134481, 17.984196801093056, -6.841041549134232, -6.841041549134232, -5.659515447126162e-15, -6.84104152648309, 17.98419679598057, -6.84104152648284, -6.84104152648284, -1.5429051411304011e-15, -6.841041555398076, 17.984196789571204, -6.841041555397826, -6.841041555397826, -7.765949159674633e-15, -2.3632944327229146, 29.684574705104822, -2.6901382089852333, -2.6901382073670788, -3.354603436722429e-15, -6.841041522366685, 17.984196796880063, -6.841041522366435, -6.841041522366435], [-2.5241637929100165, -4.69555663998464e-15, -6.841041549134219, -6.841041549134232, 18.045897257191413, -6.841041549133973, -7.260876478150358e-15, -6.841041526482827, -6.84104152648284, 18.045897281878958, -6.841041526482581, -2.368306367171024e-15, -6.841041555397813, -6.841041555397826, 18.045897273113315, -6.841041555397567, -3.0015659465851784e-16, -2.4760563251493126, -2.6901382089852333, 29.41877288572945, -2.8322913279140063, 2.1675249033174158e-15, -6.841041522366422, -6.841041522366435, 18.04589729897266, -6.841041522366176], [-2.5241638069182097, 8.167914803245981e-15, -6.841041549134219, -6.841041549134232, -6.841041549133973, 18.045897268720832, -3.920986967128325e-16, -6.841041526482827, -6.84104152648284, -6.841041526482581, 18.04589728633328, -3.56262452162237e-15, -6.841041555397813, -6.841041555397826, -6.841041555397567, 18.045897294809016, 2.212242523492622e-15, -2.476056323714408, -2.6901382073670788, -2.8322913279140063, 29.41877291374584, -1.1118678383557617e-15, -6.841041522366422, -6.841041522366435, -6.841041522366176, 18.04589730108504], [6.359363951059026e-17, 8.300190585027217e-17, 8.267540739929868e-16, 5.8040276200308e-15, 4.035115461223347e-16, -1.450931294711282e-15, -8.754028716766304e-16, -7.3644454138037e-15, 1.6682051942799533e-17, 9.640178478496169e-15, 5.505499194961827e-15, 2.034974843064083e-15, 1.2016800338022106e-14, 2.41971440799982e-15, -3.6866169218438335e-15, -5.9840370736702675e-15, 7.775992483660938e-15, -3.873227472285776e-15, -3.354603436722429e-15, 2.1675249033174158e-15, -1.1118678383557617e-15, 24.314315116231022, 1.5456541866608147e-15, -1.284689404076964e-15, -1.1441211335466596e-14, -9.767603105648752e-16], [-2.567804427422545, -1.4223938291720074e-14, 17.63024726653981, -6.841041517438666, -6.841041517438404, -6.841041517438404, 8.831157701559543e-15, 17.63024726373667, -6.84104154331525, -6.841041543314988, -6.841041543314988, -5.710211851352484e-15, 17.630247242397026, -6.841041572425019, -6.841041572424757, -6.841041572424757, 1.8117782209569545e-15, 17.630247267335278, -6.841041522366685, -6.841041522366422, -6.841041522366422, 1.5456541866608147e-15, 29.506054183351164, -2.363294439227464, -2.476056332901229, -2.4760563338856887], [-2.657064718455105, 2.3764235734865878e-14, -6.841041517438666, 17.98419683763944, -6.841041517438417, -6.841041517438417, 3.2475280551996647e-15, -6.84104154331525, 17.98419679779509, -6.841041543315001, -6.841041543315001, -2.384378277969457e-15, -6.841041572425019, 17.98419679124622, -6.8410415724247695, -6.8410415724247695, 1.69590595767111e-15, -6.841041522366685, 17.984196796880063, -6.841041522366435, -6.841041522366435, -1.284689404076964e-15, -2.363294439227464, 29.684574765415842, -2.690138208594318, -2.690138210070326], [-2.5241637993185106, 3.401960971740277e-18, -6.841041517438404, -6.841041517438417, 18.04589728936846, -6.841041517438158, -1.9693496503945243e-16, -6.841041543314988, -6.841041543315001, 18.0458972790724, -6.841041543314741, 2.6307396972808957e-15, -6.841041572424757, -6.8410415724247695, 18.045897270166286, -6.84104157242451, -2.8549641467970498e-15, -6.841041522366422, -6.841041522366435, 18.04589729897266, -6.841041522366176, -1.1441211335466596e-14, -2.476056332901229, -2.690138208594318, 29.418772927141433, -2.8322913322993495], [-2.5241637902416394, 2.333955833205518e-15, -6.841041517438404, -6.841041517438417, -6.841041517438158, 18.04589728955855, 4.3845105944529816e-15, -6.841041543314988, -6.841041543315001, -6.841041543314741, 18.04589727218741, -3.438638862493201e-15, -6.841041572424757, -6.8410415724247695, -6.84104157242451, 18.045897280522695, -1.6472623976328485e-15, -6.841041522366422, -6.841041522366435, -6.841041522366176, 18.04589730108504, -9.767603105648752e-16, -2.4760563338856887, -2.690138210070326, -2.8322913322993495, 29.418772908987687]]
List of q: 
[[[-24.31431511623115]], [[-24.314315116231008]], [[-24.314315116230997]], [[-24.3143151162311]], [[-24.314315116231022]], [[-29.50605420118294]], [[-29.506054280431346]], [[-29.506054257989707]], [[-29.50605421558786]], [[-29.506054183351164]], [[-29.684574860143087]], [[-29.684574778490912]], [[-29.684574821080272]], [[-29.684574705104822]], [[-29.684574765415842]], [[-29.41877283445344]], [[-29.41877287375736]], [[-29.41877290679296]], [[-29.41877288572945]], [[-29.418772927141433]], [[-29.41877285464257]], [[-29.418772865138735]], [[-29.418772968376363]], [[-29.41877291374584]], [[-29.418772908987687]], [[-0.0]], [[-0.0]], [[-0.0]], [[-0.0]], [[-0.0]], [[-3.0031607933983866e-14]], [[6.3233580885254776e-15]], [[-1.846794050941307e-15]], [[9.738288999621789e-15]], [[2.8303435907377785e-15]], [[-4.818350289513113e-15]], [[4.14000800718497e-15]], [[-1.7212147858907457e-14]], [[2.2724964346056737e-15]], [[1.298686552212741e-14]], [[-1.4359350872456538e-14]], [[8.299866306715903e-15]], [[-1.714813001070402e-14]], [[-2.3990268354546604e-16]], [[2.5224144972256897e-15]], [[1.1045247213156567e-14]], [[-5.6055325607955786e-15]], [[5.111186537175046e-15]], [[-1.972339839947156e-15]], [[-1.5456541866608147e-15]], [[2.3632944103217213]], [[2.363294425870305]], [[2.363294426541614]], [[2.3632944327229146]], [[2.363294439227464]], [[2.476056314750823]], [[2.476056323094754]], [[2.47605632539136]], [[2.4760563251493126]], [[2.476056332901229]], [[2.4760563137259006]], [[2.4760563235792925]], [[2.476056322197398]], [[2.476056323714408]], [[2.4760563338856887]], [[-1.8986360720827296e-14]], [[7.178255277298987e-16]], [[3.2643924862337387e-15]], [[7.765949159674633e-15]], [[1.284689404076964e-15]], [[2.3632944103217213]], [[2.363294425870305]], [[2.363294426541614]], [[2.3632944327229146]], [[2.363294439227464]], [[2.6901381864880842]], [[2.690138208035994]], [[2.690138205245059]], [[2.6901382089852333]], [[2.690138208594318]], [[2.6901381853943787]], [[2.6901382088729076]], [[2.6901382013772315]], [[2.6901382073670788]], [[2.690138210070326]], [[6.2268969236434535e-15]], [[-1.4655245536106084e-15]], [[-1.2100961321732412e-14]], [[3.0015659465851784e-16]], [[1.1441211335466596e-14]], [[2.476056314750823]], [[2.476056323094754]], [[2.47605632539136]], [[2.4760563251493126]], [[2.476056332901229]], [[2.6901381864880842]], [[2.690138208035994]], [[2.690138205245059]], [[2.6901382089852333]], [[2.690138208594318]], [[2.8322913202002775]], [[2.832291335513481]], [[2.8322913287036027]], [[2.8322913279140063]], [[2.8322913322993495]], [[-3.3141036592999712e-15]], [[2.6943337459203236e-15]], [[-1.2036943473528974e-14]], [[-2.212242523492622e-15]], [[9.767603105648752e-16]], [[2.4760563137259006]], [[2.4760563235792925]], [[2.476056322197398]], [[2.476056323714408]], [[2.4760563338856887]], [[2.6901381853943787]], [[2.6901382088729076]], [[2.6901382013772315]], [[2.6901382073670788]], [[2.690138210070326]], [[2.8322913202002775]], [[2.832291335513481]], [[2.8322913287036027]], [[2.8322913279140063]], [[2.8322913322993495]], [[-0.0]], [[-1.8799625358129135e-14]], [[4.158785566112242e-15]], [[-2.8907568317927726e-15]], [[-6.841041545621025]], [[-6.8410415456210245]], [[-6.841041545620769]], [[-6.841041545620759]], [[-0.0]], [[-3.5524025869070614e-14]], [[-2.2160053881488663e-14]], [[-2.406246074900451e-14]], [[-6.841041521705496]], [[-6.841041521705495]], [[-6.8410415217052245]], [[-6.841041521705226]], [[-0.0]], [[-4.722294189658232e-14]], [[-1.986694940092669e-14]], [[-3.2730420844157306e-14]], [[-6.841041549134474]], [[-6.84104154913448]], [[-6.8410415491342205]], [[-6.841041549134218]], [[-27.30803603218038]], [[-27.308036032180418]], [[-27.308036032180393]], [[-27.308036032180397]], [[-6.841041517438667]], [[-6.841041517438672]], [[-6.841041517438404]], [[-6.841041517438402]], [[-0.0]], [[4.179158531550751e-16]], [[-6.11273383632007e-15]], [[4.1811127402559484e-15]], [[-6.841041545621024]], [[-6.841041545621042]], [[-6.841041545620757]], [[-6.841041545620764]], [[-0.0]], [[-4.5246468747121806e-15]], [[-1.1228634040881772e-15]], [[-5.205074755416822e-16]], [[-6.841041533174595]], [[-6.841041533174582]], [[-6.84104153317432]], [[-6.841041533174323]], [[-0.0]], [[-1.5942738418031994e-15]], [[7.087189220997091e-18]], [[-6.861690592216528e-15]], [[-6.841041526483089]], [[-6.841041526483092]], [[-6.841041526482833]], [[-6.841041526482834]], [[-27.30803595787361]], [[-27.308035957873606]], [[-27.308035957873603]], [[-27.308035957873606]], [[-6.841041543315243]], [[-6.84104154331525]], [[-6.841041543314998]], [[-6.841041543314994]], [[-0.0]], [[4.30901333336653e-16]], [[9.597817592528272e-15]], [[7.498224889385626e-15]], [[-6.841041521705473]], [[-6.841041521705509]], [[-6.841041521705233]], [[-6.841041521705235]], [[-0.0]], [[1.2739246510365431e-14]], [[1.2004922815805536e-14]], [[9.554678875967431e-15]], [[-6.841041533174585]], [[-6.8410415331745895]], [[-6.841041533174325]], [[-6.841041533174324]], [[-0.0]], [[5.194007511421918e-15]], [[6.0194087374625405e-15]], [[7.213726891913887e-15]], [[-6.841041555398082]], [[-6.841041555398066]], [[-6.841041555397812]], [[-6.841041555397812]], [[-27.308035937634884]], [[-27.308035937634887]], [[-27.308035937634894]], [[-27.308035937634887]], [[-6.8410415724250315]], [[-6.841041572425022]], [[-6.8410415724247535]], [[-6.841041572424751]], [[-0.0]], [[-5.811059818900811e-15]], [[-8.799232336755225e-15]], [[-5.708135753904093e-15]], [[-6.841041549134456]], [[-6.841041549134504]], [[-6.841041549134214]], [[-6.841041549134227]], [[-0.0]], [[-3.3572431624360785e-15]], [[-7.198658832095098e-15]], [[-8.162787666138407e-15]], [[-6.841041526483083]], [[-6.841041526483084]], [[-6.84104152648282]], [[-6.841041526482827]], [[-0.0]], [[1.5399800763247072e-14]], [[6.926964468643589e-15]], [[6.965327088938132e-15]], [[-6.841041555398079]], [[-6.841041555398074]], [[-6.84104155539781]], [[-6.841041555397809]], [[-27.308035969702807]], [[-27.308035969702804]], [[-27.3080359697028]], [[-27.308035969702804]], [[-6.841041522366681]], [[-6.841041522366681]], [[-6.841041522366424]], [[-6.841041522366421]], [[-0.0]], [[-4.977273546037813e-15]], [[4.2324252787065215e-16]], [[2.277685368704269e-15]], [[-6.841041517438652]], [[-6.84104151743869]], [[-6.841041517438404]], [[-6.8410415174384065]], [[-0.0]], [[-7.3811274657465e-15]], [[-1.700462389229987e-14]], [[-1.2869944608765528e-14]], [[-6.841041543315259]], [[-6.841041543315254]], [[-6.841041543314988]], [[-6.841041543314993]], [[-0.0]], [[9.597085930022286e-15]], [[1.570341725986594e-14]], [[1.8000837411692373e-14]], [[-6.841041572425014]], [[-6.841041572425016]], [[-6.84104157242476]], [[-6.8410415724247535]], [[-27.308035943271026]], [[-27.308035943271026]], [[-27.308035943271033]], [[-27.30803594327103]], [[-6.8410415223666865]], [[-6.8410415223666865]], [[-6.841041522366419]], [[-6.84104152236642]], [[1.234947740021546e-14]], [[-3.881673167851482e-15]], [[-7.717081325239055e-15]], [[-27.308036032180393]], [[1.3885848314332425e-14]], [[4.6384345437353115e-15]], [[-1.894008864597404e-14]], [[-27.308035957873603]], [[1.9332082088226515e-14]], [[1.4020917640263573e-14]], [[2.735473860600553e-14]], [[-27.308035937634894]], [[9.912745377398488e-15]], [[-1.2398440389522461e-14]], [[2.976488450923915e-14]], [[-27.30803596970281]], [[7.437521681427147e-16]], [[-6.48904254212707e-15]], [[9.981825494958022e-15]], [[-27.308035943271037]], [[-24.47128881023634]], [[-24.47128880456612]], [[-24.47128879908676]], [[-24.471288783978476]], [[-24.47128881023634]], [[-24.471288823987592]], [[-24.471288809859725]], [[-24.47128880705192]], [[-24.47128880456612]], [[-24.471288823987592]], [[-24.471288817580547]], [[-24.471288814822046]], [[-24.47128879908676]], [[-24.471288809859725]], [[-24.471288817580547]], [[-24.471288789701962]], [[-24.471288783978476]], [[-24.47128880705192]], [[-24.471288814822046]], [[-24.471288789701962]], [[-24.825238365136872]], [[-24.82523837262319]], [[-24.825238350227536]], [[-24.825238355078106]], [[-24.825238365136872]], [[-24.825238354559417]], [[-24.825238322463658]], [[-24.82523834111034]], [[-24.82523837262319]], [[-24.825238354559417]], [[-24.82523834496928]], [[-24.82523836367124]], [[-24.825238350227536]], [[-24.825238322463658]], [[-24.82523834496928]], [[-24.825238319246747]], [[-24.825238355078106]], [[-24.82523834111034]], [[-24.82523836367124]], [[-24.825238319246747]], [[-24.886938800546574]], [[-24.886938805950678]], [[-24.88693880632563]], [[-24.886938806806867]], [[-24.886938800546574]], [[-24.886938817509908]], [[-24.886938808361784]], [[-24.886938822387386]], [[-24.886938805950678]], [[-24.886938817509908]], [[-24.886938828511127]], [[-24.886938842591043]], [[-24.88693880632563]], [[-24.886938808361784]], [[-24.886938828511127]], [[-24.88693882133908]], [[-24.886938806806867]], [[-24.886938822387386]], [[-24.886938842591043]], [[-24.88693882133908]], [[-24.8869388030786]], [[-24.886938825724076]], [[-24.88693881785505]], [[-24.88693880699695]], [[-24.8869388030786]], [[-24.88693883020823]], [[-24.886938812816105]], [[-24.886938815502397]], [[-24.886938825724076]], [[-24.88693883020823]], [[-24.88693885020683]], [[-24.886938852947452]], [[-24.88693881785505]], [[-24.886938812816105]], [[-24.88693885020683]], [[-24.886938823451462]], [[-24.88693880699695]], [[-24.886938815502397]], [[-24.886938852947452]], [[-24.886938823451462]], [[2.993720915949277], [1.1045247213156567e-14], [0.0], [0.0], [0.0], [0.0], [2.2120179117376026e-15], [6.841041545621027], [6.841041545621027], [6.841041545620765], [6.841041545620765], [-2.403645817063973e-15], [6.841041521705494], [6.841041521705494], [6.841041521705232], [6.841041521705232], [6.932679338273785e-15], [6.841041549134481], [6.841041549134481], [6.841041549134219], [6.841041549134219], [-8.267540739929868e-16], [6.841041517438666], [6.841041517438666], [6.841041517438404], [6.841041517438404]], [[2.9937208416425976], [3.748388825854567e-15], [6.841041545621027], [6.841041545621027], [6.841041545620765], [6.841041545620765], [-5.6055325607955786e-15], [0.0], [0.0], [0.0], [0.0], [-9.707110485871765e-15], [6.841041533174585], [6.841041533174585], [6.841041533174323], [6.841041533174323], [7.121410324777843e-16], [6.84104152648309], [6.84104152648309], [6.841041526482827], [6.841041526482827], [7.3644454138037e-15], [6.84104154331525], [6.84104154331525], [6.841041543314988], [6.841041543314988]], [[2.993720821403884], [2.0810109439014023e-14], [6.841041521705494], [6.841041521705494], [6.841041521705232], [6.841041521705232], [-3.2462738934350343e-16], [6.841041533174585], [6.841041533174585], [6.841041533174323], [6.841041533174323], [5.111186537175046e-15], [0.0], [0.0], [0.0], [0.0], [-6.061248273525136e-15], [6.841041555398076], [6.841041555398076], [6.841041555397813], [6.841041555397813], [-1.2016800338022106e-14], [6.841041572425019], [6.841041572425019], [6.841041572424757], [6.841041572424757]], [[2.9937208534717032], [2.4562506040911328e-14], [6.841041549134481], [6.841041549134481], [6.841041549134219], [6.841041549134219], [7.253789288929361e-15], [6.84104152648309], [6.84104152648309], [6.841041526482827], [6.841041526482827], [-3.6511023702915165e-15], [6.841041555398076], [6.841041555398076], [6.841041555397813], [6.841041555397813], [-1.972339839947156e-15], [0.0], [0.0], [0.0], [0.0], [27.30803594327103], [6.841041522366685], [6.841041522366685], [6.841041522366422], [6.841041522366422]], [[2.993720827040003], [27.308036032180393], [6.841041517438666], [6.841041517438666], [6.841041517438404], [6.841041517438404], [27.308035957873603], [6.84104154331525], [6.84104154331525], [6.841041543314988], [6.841041543314988], [27.30803593763489], [6.841041572425019], [6.841041572425019], [6.841041572424757], [6.841041572424757], [27.308035969702804], [6.841041522366685], [6.841041522366685], [6.841041522366422], [6.841041522366422], [-1.5456541866608147e-15], [0.0], [0.0], [0.0], [0.0]]]
