Imperfect
----- Refutation -----
X = 
[[3.3867576423340426, -1.8417714605537, 0.6437415694773898, 0.6437415712955178, 0.6437415692178627, 0.6437415695503891, -1.8417714522125046, 0.6437415727392247, 0.643741569649711, 0.6437415733056403, 0.6437415711259888, -1.8417714489170947, 0.6437415696089422, 0.6437415694151292, 0.6437415673649358, 0.6437415683828458, -1.8417714464069528, 0.643741572728932, 0.6437415714029594, 0.643741573208049, 0.6437415710214062], [-1.8417714605537, 3.8763810488822186, -0.7661474207216673, -0.7661474214064907, -0.7661474205766752, -0.7661474206325598, 2.413710600192435, -1.0638705217804256, -1.0638705206178627, -1.0638705223036442, -1.0638705207955137, 2.4137105980765265, -1.0638705195376776, -1.063870519789211, -1.0638705197141465, -1.0638705195156726, 2.413710597792991, -1.0638705189324351, -1.0638705181374437, -1.0638705201482355, -1.0638705195201243], [0.6437415694773898, -0.7661474207216673, 2.709523011725, 0.4513096092123938, 0.45130960894725675, 0.4513096089175165, -1.0638705180773684, 0.42690302448313616, 0.42690302408380687, 0.4269030245529021, 0.42690302437882, -1.0638705166471152, 0.4269030245956224, 0.42690302443177797, 0.42690302427244997, 0.4269030243235584, -1.0638705156093193, 0.42690302481789816, 0.4269030242848589, 0.4269030243627038, 0.42690302410768505], [0.6437415712955178, -0.7661474214064907, 0.4513096092123938, 2.709523012889445, 0.45130960914049295, 0.4513096091107511, -1.063870519022357, 0.42690302464786717, 0.42690302424853555, 0.426903024717636, 0.426903024543547, -1.0638705175241034, 0.42690302476907255, 0.4269030246052281, 0.42690302444589795, 0.42690302449700895, -1.063870516187693, 0.4269030250296384, 0.426903024496605, 0.4269030245744505, 0.4269030243194296], [0.6437415692178627, -0.7661474205766752, 0.45130960894725675, 0.45130960914049295, 2.709523010871469, 0.4513096088456164, -1.0638705181105501, 0.42690302438394295, 0.42690302398460744, 0.4269030244537073, 0.426903024279619, -1.063870516607975, 0.4269030245056954, 0.42690302434185656, 0.42690302418252146, 0.4269030242336302, -1.0638705149289855, 0.4269030248101969, 0.42690302427715804, 0.42690302435501243, 0.4269030240999885], [0.6437415695503891, -0.7661474206325598, 0.4513096089175165, 0.4513096091107511, 0.4513096088456164, 2.7095230100752303, -1.0638705186250135, 0.4269030242907913, 0.4269030238914597, 0.4269030243605585, 0.42690302418647147, -1.0638705155194876, 0.4269030246180997, 0.42690302445425743, 0.4269030242949255, 0.4269030243460356, -1.0638705154374164, 0.4269030247178245, 0.4269030241847831, 0.4269030242626306, 0.42690302400761065], [-1.8417714522125046, 2.413710600192435, -1.0638705180773684, -1.063870519022357, -1.0638705181105501, -1.0638705186250135, 3.8763810533235823, -0.7661474225239665, -0.7661474213056602, -0.7661474227790218, -0.7661474219364719, 2.4137105960863656, -1.0638705188898652, -1.0638705193396654, -1.0638705189345794, -1.0638705194529856, 2.4137105951797704, -1.0638705206591688, -1.063870518932397, -1.0638705206940235, -1.0638705197758862], [0.6437415727392247, -1.0638705217804256, 0.42690302448313616, 0.42690302464786717, 0.42690302438394295, 0.4269030242907913, -0.7661474225239665, 2.7095230099769325, 0.45130961065572467, 0.4513096111346443, 0.4513096108827558, -1.0638705207907462, 0.4269030254325106, 0.4269030252432469, 0.42690302512622674, 0.42690302508540934, -1.0638705190951017, 0.4269030254449063, 0.4269030250313469, 0.42690302514114997, 0.42690302492332705], [0.643741569649711, -1.0638705206178627, 0.42690302408380687, 0.42690302424853555, 0.42690302398460744, 0.4269030238914597, -0.7661474213056602, 0.45130961065572467, 2.7095230072038023, 0.4513096107550571, 0.4513096105031629, -1.0638705189506854, 0.4269030251200634, 0.42690302493079824, 0.42690302481378073, 0.4269030247729586, -1.063870517621647, 0.4269030250854428, 0.4269030246718858, 0.426903024781684, 0.42690302456386475], [0.6437415733056403, -1.0638705223036442, 0.4269030245529021, 0.426903024717636, 0.4269030244537073, 0.4269030243605585, -0.7661474227790218, 0.4513096111346443, 0.4513096107550571, 2.709523010946542, 0.45130961098208566, -1.0638705206362258, 0.4269030255891809, 0.4269030253999182, 0.42690302528289686, 0.4269030252420826, -1.0638705197776241, 0.42690302549424497, 0.42690302508069156, 0.4269030251904912, 0.4269030249726647], [0.6437415711259888, -1.0638705207955137, 0.42690302437882, 0.426903024543547, 0.426903024279619, 0.42690302418647147, -0.7661474219364719, 0.4513096108827558, 0.4513096105031629, 0.45130961098208566, 2.7095230092368747, -1.0638705186773143, 0.42690302547292025, 0.4269030252836589, 0.42690302516664075, 0.42690302512581557, -1.0638705202101808, 0.4269030250712999, 0.4269030246577425, 0.42690302476754666, 0.4269030245497225], [-1.8417714489170947, 2.4137105980765265, -1.0638705166471152, -1.0638705175241034, -1.063870516607975, -1.0638705155194876, 2.4137105960863656, -1.0638705207907462, -1.0638705189506854, -1.0638705206362258, -1.0638705186773143, 3.8763810418594575, -0.7661474210860344, -0.7661474209247812, -0.7661474202864972, -0.7661474205525982, 2.413710591882327, -1.0638705213443655, -1.0638705194078073, -1.0638705183476664, -1.0638705170598175], [0.6437415696089422, -1.0638705195376776, 0.4269030245956224, 0.42690302476907255, 0.4269030245056954, 0.4269030246180997, -1.0638705188898652, 0.4269030254325106, 0.4269030251200634, 0.4269030255891809, 0.42690302547292025, -0.7661474210860344, 2.709523011885305, 0.45130961067577435, 0.4513096105835359, 0.4513096105816479, -1.0638705216562374, 0.42690302468953134, 0.4269030243028649, 0.4269030247745189, 0.42690302460410484], [0.6437415694151292, -1.063870519789211, 0.42690302443177797, 0.4269030246052281, 0.42690302434185656, 0.42690302445425743, -1.0638705193396654, 0.4269030252432469, 0.42690302493079824, 0.4269030253999182, 0.4269030252836589, -0.7661474209247812, 0.45130961067577435, 2.709523010477199, 0.4513096104801463, 0.45130961047825374, -1.063870520057038, 0.4269030247630222, 0.4269030243763554, 0.4269030248480124, 0.42690302467759517], [0.6437415673649358, -1.0638705197141465, 0.42690302427244997, 0.42690302444589795, 0.42690302418252146, 0.4269030242949255, -1.0638705189345794, 0.42690302512622674, 0.42690302481378073, 0.42690302528289686, 0.42690302516664075, -0.7661474202864972, 0.4513096105835359, 0.4513096104801463, 2.7095230111129593, 0.4513096103860177, -1.0638705188048754, 0.42690302475463154, 0.4269030243679647, 0.4269030248396275, 0.4269030246692049], [0.6437415683828458, -1.0638705195156726, 0.4269030243235584, 0.42690302449700895, 0.4269030242336302, 0.4269030243460356, -1.0638705194529856, 0.42690302508540934, 0.4269030247729586, 0.4269030252420826, 0.42690302512581557, -0.7661474205525982, 0.4513096105816479, 0.45130961047825374, 0.4513096103860177, 2.7095230100580396, -1.0638705189753928, 0.4269030247584195, 0.426903024371752, 0.4269030248434122, 0.4269030246729938], [-1.8417714464069528, 2.413710597792991, -1.0638705156093193, -1.063870516187693, -1.0638705149289855, -1.0638705154374164, 2.4137105951797704, -1.0638705190951017, -1.063870517621647, -1.0638705197776241, -1.0638705202101808, 2.413710591882327, -1.0638705216562374, -1.063870520057038, -1.0638705188048754, -1.0638705189753928, 3.8763810387776547, -0.7661474216510937, -0.766147420779447, -0.7661474215045945, -0.766147420688216], [0.643741572728932, -1.0638705189324351, 0.42690302481789816, 0.4269030250296384, 0.4269030248101969, 0.4269030247178245, -1.0638705206591688, 0.4269030254449063, 0.4269030250854428, 0.42690302549424497, 0.4269030250712999, -1.0638705213443655, 0.42690302468953134, 0.4269030247630222, 0.42690302475463154, 0.4269030247584195, -0.7661474216510937, 2.7095230120176987, 0.4513096102054952, 0.4513096104398003, 0.45130961021420446], [0.6437415714029594, -1.0638705181374437, 0.4269030242848589, 0.426903024496605, 0.42690302427715804, 0.4269030241847831, -1.063870518932397, 0.4269030250313469, 0.4269030246718858, 0.42690302508069156, 0.4269030246577425, -1.0638705194078073, 0.4269030243028649, 0.4269030243763554, 0.4269030243679647, 0.426903024371752, -0.766147420779447, 0.4513096102054952, 2.7095230057529998, 0.4513096099496495, 0.45130960972405226], [0.643741573208049, -1.0638705201482355, 0.4269030243627038, 0.4269030245744505, 0.42690302435501243, 0.4269030242626306, -1.0638705206940235, 0.42690302514114997, 0.426903024781684, 0.4269030251904912, 0.42690302476754666, -1.0638705183476664, 0.4269030247745189, 0.4269030248480124, 0.4269030248396275, 0.4269030248434122, -0.7661474215045945, 0.4513096104398003, 0.4513096099496495, 2.709523007567376, 0.45130960995835373], [0.6437415710214062, -1.0638705195201243, 0.42690302410768505, 0.4269030243194296, 0.4269030240999885, 0.42690302400761065, -1.0638705197758862, 0.42690302492332705, 0.42690302456386475, 0.4269030249726647, 0.4269030245497225, -1.0638705170598175, 0.42690302460410484, 0.42690302467759517, 0.4269030246692049, 0.4269030246729938, -0.766147420688216, 0.45130961021420446, 0.45130960972405226, 0.45130960995835373, 2.7095230062724673]]
List of qleft: 
[[[0.0], [0.0], [0.0], [0.0], [0.0], [0.0], [0.0], [1.0638705217804256], [1.0638705206178627], [1.0638705223036442], [1.0638705207955137], [0.0], [1.0638705195376776], [1.063870519789211], [1.0638705197141465], [1.0638705195156726], [0.0], [1.063870539803739], [1.0638705390087475], [1.0638705410195393], [1.0638705403914281]], [[-0.1928381307567837], [2.5790550986331238], [1.0638705180773684], [1.063870519022357], [1.0638705181105501], [1.0638705186250135], [0.0], [0.0], [0.0], [0.0], [-0.1928381307567837], [0.0], [1.0638705188898652], [1.0638705193396654], [1.0638705189345794], [1.0638705194529856], [0.0], [1.0638705206591688], [1.063870518932397], [1.0638705206940235], [1.0638705197758862]], [[0.0], [0.0], [1.0638705166471152], [1.0638705175241034], [1.063870516607975], [1.0638705155194876], [0.0], [1.0638705207907462], [1.0638705189506854], [1.0638705206362258], [1.0638705186773143], [0.0], [-2.709523011885305], [-2.709523010477199], [-2.7095230111129593], [-2.7095230100580396], [0.0], [1.0638705213443655], [1.0638705194078073], [1.0638705183476664], [1.0638705170598175]], [[-0.19283814596374915], [0.0], [1.0638705156093193], [1.063870516187693], [1.0638705149289855], [1.0638705154374164], [1.8141789404069186e-08], [1.0638705190951017], [1.063870517621647], [1.0638705197776241], [1.0638705202101808], [2.5790551130928425], [1.0638705216562374], [1.063870520057038], [1.0638705188048754], [1.0638705189753928], [0.0], [0.0], [0.0], [0.0], [0.0]], [[0.0]], [[0.0]], [[0.0]], [[0.0]], [[0.0]], [[0.0]], [[0.0]], [[0.0]], [[0.0]], [[0.0]], [[0.0]], [[0.0]], [[0.0]], [[0.0]], [[0.0]], [[0.0]], [[0.0]], [[0.0]], [[0.0]], [[0.0]], [[-0.0]], [[-0.0]], [[-0.0]], [[-0.0]], [[-0.0]], [[-0.0]], [[-0.0]], [[-0.0]], [[-0.0]], [[-0.0]], [[-0.0]], [[-0.0]], [[-0.0]], [[-0.0]], [[-0.0]], [[-0.0]], [[-0.0]], [[-0.0]], [[-0.0]], [[-0.0]], [[-0.0]], [[-0.0]], [[-0.0]], [[-0.0]], [[-0.0]], [[-0.0]], [[-0.0]], [[-0.0]], [[-0.0]], [[-0.0]], [[-0.0]], [[-0.0]], [[-0.0]], [[-0.0]], [[-0.0]], [[-0.0]], [[-0.0]], [[-0.0]], [[-0.0]], [[-0.0]], [[-0.0]], [[-0.0]], [[-0.0]], [[-0.0]], [[-0.0]], [[-0.0]], [[-0.0]], [[-0.0]], [[-0.0]], [[-0.0]], [[-0.0]], [[-0.0]], [[-0.0]], [[-0.0]], [[-0.0]], [[-0.0]], [[-0.0]], [[-0.0]], [[-0.0]], [[-0.0]], [[-0.0]], [[-0.0]], [[-0.0]], [[-0.0]], [[-0.0]], [[-0.0]], [[-0.0]], [[-0.0]], [[-0.0]], [[-0.0]], [[-0.0]], [[-0.0]], [[-0.0]], [[-0.0]], [[-0.0]], [[-0.0]], [[-0.0]], [[-0.0]], [[-0.0]], [[-0.0]], [[-0.0]], [[-0.0]], [[-0.0]], [[-0.0]], [[-0.0]], [[-0.0]], [[-0.0]], [[-0.0]], [[-0.0]], [[-0.0]], [[-0.0]], [[-0.0]], [[-0.0]], [[-0.0]], [[-0.0]], [[-0.0]], [[-0.0]], [[-0.0]], [[-0.0]], [[-0.0]], [[-0.0]], [[-0.0]], [[-0.0]], [[-0.0]], [[-0.0]], [[-0.0]], [[-0.0]], [[-0.0]], [[-0.0]], [[-0.0]], [[-0.0]], [[-0.0]], [[-0.0]], [[-0.0]], [[-0.0]], [[-0.0]], [[-0.0]], [[-0.0]], [[-0.0]], [[-0.0]], [[-0.0]], [[-0.0]], [[-0.0]], [[-0.0]], [[-0.0]], [[-0.0]], [[-0.0]], [[-0.0]], [[-0.0]], [[-0.0]], [[-0.0]], [[-0.0]], [[-0.0]], [[-0.0]], [[-0.0]], [[-0.0]], [[-0.0]], [[-0.0]], [[-0.0]], [[-0.0]], [[-0.0]], [[-0.0]], [[-0.0]], [[-0.0]], [[-0.0]], [[-0.0]], [[-0.0]], [[-0.0]], [[-0.0]], [[-0.0]], [[-0.0]], [[-0.0]], [[-0.0]], [[-0.0]], [[-0.0]], [[-0.0]], [[-0.0]], [[-0.0]], [[-0.0]], [[-0.0]], [[-0.0]], [[-0.0]], [[-0.0]], [[-0.0]], [[-0.0]], [[-0.0]], [[-0.0]], [[-0.0]], [[-0.0]], [[-0.0]], [[-0.0]], [[-0.0]], [[-0.0]], [[-0.0]], [[-0.0]], [[-0.0]], [[-0.0]], [[-0.0]], [[-0.0]], [[-0.0]], [[-0.0]], [[-0.0]], [[-0.0]], [[-0.0]], [[-0.0]], [[-0.0]], [[-0.0]], [[-0.0]], [[-0.0]], [[-0.0]], [[-0.0]], [[-0.0]], [[-0.0]], [[-0.0]], [[-0.0]], [[-0.0]], [[-0.0]], [[-0.0]], [[-0.0]], [[-0.0]], [[-0.0]], [[-0.0]], [[-0.0]], [[-0.0]], [[-0.0]], [[-0.0]], [[-0.0]], [[-0.0]], [[-0.0]], [[-0.0]], [[-0.0]], [[-0.0]], [[-0.0]], [[-0.0]], [[-0.0]], [[-0.0]], [[-0.0]], [[-0.0]], [[-0.0]], [[-0.0]], [[-0.0]], [[-0.0]], [[-0.0]], [[-0.0]], [[-0.0]], [[-0.0]], [[-0.0]], [[-0.0]], [[-0.0]], [[-0.0]], [[-0.0]], [[-0.0]], [[-0.0]], [[-0.0]], [[-0.0]], [[-0.0]], [[-0.0]], [[-0.0]], [[-0.0]], [[-0.0]], [[-0.0]], [[-0.0]], [[-0.0]], [[-0.0]], [[-0.0]], [[-0.0]], [[-0.0]], [[-0.0]], [[-0.0]], [[-0.0]], [[-0.0]], [[-0.0]], [[-0.0]], [[-0.0]], [[-0.0]], [[-0.0]], [[-0.0]], [[-0.0]], [[-0.0]], [[-0.0]], [[-0.0]], [[-0.0]], [[-0.0]], [[-0.0]], [[-0.0]], [[-0.0]], [[-0.0]], [[-0.0]], [[-0.0]], [[-0.0]], [[-0.0]], [[-0.0]], [[-0.0]], [[-0.0]], [[-0.0]], [[-0.0]], [[-0.0]], [[-0.0]], [[-0.0]], [[-0.0]], [[-0.0]], [[-0.0]], [[-0.0]], [[-0.0]]]
List of qright: 
[[[2.386216949987001], [0.0], [0.0], [0.0], [0.0], [0.0], [0.0], [-1.5151845768526981], [-1.515184578015261], [-1.5151845763294796], [-1.51518457783761], [0.0], [1.0638705195376776], [1.063870519789211], [1.0638705197141465], [1.0638705195156726], [0.0], [1.0638705189324351], [1.0638705181374437], [1.0638705201482355], [1.0638705195201243]], [[0.0], [0.0], [1.0638705180773684], [1.063870519022357], [1.0638705181105501], [1.0638705186250135], [0.0], [0.0], [0.0], [0.0], [0.0], [0.0], [1.0638705188898652], [1.0638705193396654], [1.0638705189345794], [1.0638705194529856], [0.0], [1.0638705025173794], [1.0638705007906075], [1.0638705025522341], [1.0638705016340968]], [[2.3862169690675743], [0.0], [1.0638705166471152], [1.0638705175241034], [1.063870516607975], [1.0638705155194876], [0.0], [1.0638705207907462], [1.0638705189506854], [1.0638705206362258], [1.0638705186773143], [0.0], [0.0], [0.0], [0.0], [0.0], [0.0], [-1.515184591748477], [-1.5151845936850352], [-1.515184594745176], [-1.515184596033025]], [[0.0], [-2.0871303734166246e-08], [1.0638705156093193], [1.063870516187693], [1.0638705149289855], [1.0638705154374164], [0.0], [1.0638705190951017], [1.063870517621647], [1.0638705197776241], [1.0638705202101808], [0.0], [1.0638705216562374], [1.063870520057038], [1.0638705188048754], [1.0638705189753928], [-3.8763810387776547], [0.0], [0.0], [0.0], [0.0]], [[-3.8763810488822186]], [[-2.709523011725]], [[-2.709523012889445]], [[-2.709523010871469]], [[-2.7095230100752303]], [[-3.8763810533235823]], [[-2.7095230099769325]], [[-2.7095230072038023]], [[-2.709523010946542]], [[-2.516684878480091]], [[-3.8763810418594575]], [[-0.0]], [[-0.0]], [[-0.0]], [[-0.0]], [[-0.0]], [[-2.7095230120176987]], [[-2.7095230057529998]], [[-2.709523007567376]], [[-2.7095230062724673]], [[0.7661474207216673]], [[0.7661474214064907]], [[0.7661474205766752]], [[0.7661474206325598]], [[0.7661474207216673]], [[-0.4513096092123938]], [[-0.45130960894725675]], [[-0.4513096089175165]], [[0.7661474214064907]], [[-0.4513096092123938]], [[-0.45130960914049295]], [[-0.4513096091107511]], [[0.7661474205766752]], [[-0.45130960894725675]], [[-0.45130960914049295]], [[-0.4513096088456164]], [[0.7661474206325598]], [[-0.4513096089175165]], [[-0.4513096091107511]], [[-0.4513096088456164]], [[0.7661474225239665]], [[0.7661474213056602]], [[0.7661474227790218]], [[0.7661474219364719]], [[0.7661474225239665]], [[-0.45130961065572467]], [[-0.4513096111346443]], [[-0.4513096108827558]], [[0.7661474213056602]], [[-0.45130961065572467]], [[-0.4513096107550571]], [[-0.4513096105031629]], [[0.7661474227790218]], [[-0.4513096111346443]], [[-0.4513096107550571]], [[-0.45130961098208566]], [[0.9589855526932556]], [[-0.2584714801259721]], [[-0.2584714797463792]], [[-0.258471480225302]], [[0.7661474210860344]], [[0.7661474209247812]], [[0.7661474202864972]], [[0.7661474205525982]], [[3.4756704329713397]], [[2.258213401209531]], [[2.258213401301769]], [[2.258213401303657]], [[3.47567043140198]], [[2.2582133998014244]], [[2.258213399997053]], [[2.258213399998945]], [[3.4756704313994566]], [[2.2582134005294234]], [[2.258213400632813]], [[2.258213400726942]], [[3.475670430610638]], [[2.2582133994763915]], [[2.2582133995797857]], [[2.258213399672022]], [[0.7661474216510937]], [[0.766147420779447]], [[0.7661474215045945]], [[0.766147420688216]], [[4.642528460428748]], [[-0.4513096102054952]], [[-0.4513096104398003]], [[-0.45130961021420446]], [[4.642528459557102]], [[-0.4513096102054952]], [[-0.4513096099496495]], [[-0.45130960972405226]], [[4.642528460282249]], [[-0.4513096104398003]], [[-0.4513096099496495]], [[-0.45130960995835373]], [[4.64252845946587]], [[-0.45130961021420446]], [[-0.45130960972405226]], [[-0.45130960995835373]], [[-4.992765698825559]], [[0.024411034292193545]], [[0.024411035854085772]], [[0.02441103369920905]], [[0.024411035381421642]], [[0.024411033182474007]], [[0.024411034744368565]], [[0.02441103258948657]], [[0.0244110342717061]], [[0.024411034358205075]], [[0.02441103592010352]], [[0.024411033765222134]], [[0.024411035447440943]], [[0.024411033936893367]], [[0.024411035498787925]], [[0.024411033343907595]], [[0.024411035026125127]], [[-2.4137105980765265]], [[-2.554644060780415]], [[-2.554644060868104]], [[-2.554644060633712]], [[-2.5546440604863463]], [[-2.5546440618308535]], [[-2.554644061918543]], [[-2.554644061684148]], [[-2.554644061536785]], [[-2.554644060651348]], [[-2.554644060739043]], [[-2.554644060504643]], [[-2.5546440603572775]], [[-2.5546440596752653]], [[-2.554644059762956]], [[-2.5546440595285596]], [[-2.5546440593811957]], [[-2.413710597792991]], [[-2.554644059359653]], [[-2.554644058031622]], [[-2.5546440601202582]], [[-2.5546440592371287]], [[-2.5546440601497666]], [[-2.554644058821742]], [[-2.5546440609103787]], [[-2.554644060027247]], [[-2.5546440586716175]], [[-2.554644057343587]], [[-2.5546440594322335]], [[-2.554644058549098]], [[-2.554644059087676]], [[-2.554644057759643]], [[-2.5546440598482825]], [[-2.5546440589651516]], [[-2.413710600192435]], [[-2.55464406434093]], [[-2.55464406545065]], [[-2.554644064274919]], [[-2.5546440646962307]], [[-2.554644062779038]], [[-2.554644063888755]], [[-2.5546440627130202]], [[-2.5546440631343357]], [[-2.554644064933915]], [[-2.5546440660436374]], [[-2.5546440648679014]], [[-2.5546440652892164]], [[-2.5546440632517022]], [[-2.5546440643614177]], [[-2.5546440631856826]], [[-2.5546440636069985]], [[-2.4137105960863656]], [[-2.5546440651131217]], [[-2.554644065373658]], [[-2.5546440648515523]], [[-2.554644065329141]], [[-2.554644062960614]], [[-2.554644063221149]], [[-2.5546440626990456]], [[-2.5546440631766294]], [[-2.554644065115272]], [[-2.5546440653758093]], [[-2.554644064853702]], [[-2.554644065331294]], [[-2.5546440630401]], [[-2.5546440633006386]], [[-2.554644062778534]], [[-2.5546440632561156]], [[-2.41371061332156]], [[-2.5546440470573875]], [[-2.5546440449170564]], [[-2.5546440467884857]], [[-2.5546440456525255]], [[-2.554644045224469]], [[-2.55464404308414]], [[-2.554644044955565]], [[-2.554644043819609]], [[-2.5546440477892487]], [[-2.5546440456489234]], [[-2.5546440475203496]], [[-2.5546440463843854]], [[-2.55464404779886]], [[-2.5546440456585304]], [[-2.5546440475299614]], [[-2.5546440463940003]], [[-2.4137105980765265]], [[-2.554644060780415]], [[-2.5546440618308535]], [[-2.554644060651348]], [[-2.5546440596752653]], [[-2.554644060868104]], [[-2.554644061918543]], [[-2.554644060739043]], [[-2.554644059762956]], [[-2.554644060633712]], [[-2.554644061684148]], [[-2.554644060504643]], [[-2.5546440595285596]], [[-2.5546440604863463]], [[-2.554644061536785]], [[-2.5546440603572775]], [[-2.5546440593811957]], [[-2.4137105960863656]], [[-2.5546440651131217]], [[-2.554644062960614]], [[-2.554644065115272]], [[-2.5546440630401]], [[-2.554644065373658]], [[-2.554644063221149]], [[-2.5546440653758093]], [[-2.5546440633006386]], [[-2.5546440648515523]], [[-2.5546440626990456]], [[-2.554644064853702]], [[-2.554644062778534]], [[-2.554644065329141]], [[-2.5546440631766294]], [[-2.554644065331294]], [[-2.5546440632561156]], [[-4.99276570497517]], [[0.02441104540270822]], [[0.02441104772593289]], [[0.02441104831441976]], [[0.02441104977268277]], [[0.02441104692841678]], [[0.024411049251641836]], [[0.02441104984012571]], [[0.024411051298391884]], [[0.024411048188970053]], [[0.024411050512195165]], [[0.02441105110067321]], [[0.024411052558944768]], [[0.024411048014664705]], [[0.024411050337890483]], [[0.024411050926371136]], [[0.024411052384638476]], [[-2.4137105769216873]], [[-2.5546440802309567]], [[-2.5546440810210704]], [[-2.5546440795429213]], [[-2.5546440799589796]], [[-2.5546440789029257]], [[-2.5546440796930456]], [[-2.5546440782148907]], [[-2.554644078630947]], [[-2.554644080991562]], [[-2.5546440817816825]], [[-2.5546440803035373]], [[-2.5546440807195863]], [[-2.5546440801084325]], [[-2.5546440808985507]], [[-2.554644079420402]], [[-2.5546440798364554]], [[-2.4137105951797704]], [[-2.554644065199177]], [[-2.5546440633662586]], [[-2.554644065931038]], [[-2.5546440659406495]], [[-2.554644063058846]], [[-2.5546440612259294]], [[-2.554644063790713]], [[-2.55464406380032]], [[-2.554644064930275]], [[-2.5546440630973546]], [[-2.554644065662139]], [[-2.554644065671751]], [[-2.554644063794315]], [[-2.5546440619613984]], [[-2.5546440645261748]], [[-2.5546440645357897]], [[-2.413710591882327]], [[-2.554644067690134]], [[-2.5546440661644256]], [[-2.554644064903872]], [[-2.554644065078178]], [[-2.55464406536691]], [[-2.5546440638412005]], [[-2.5546440625806475]], [[-2.554644062754952]], [[-2.5546440647784223]], [[-2.554644063252717]], [[-2.5546440619921693]], [[-2.554644062166471]], [[-2.5546440633201595]], [[-2.554644061794451]], [[-2.5546440605338976]], [[-2.554644060708204]]]
